5.1
na osobe	nr_kl
41,33	07935
40,00	05080
39,75	00645
39,50	08090
39,33	05738
39,20	08349
39,00	08850
38,25	02202
37,75	09468
36,75	06866
5.2
BEM Suma	54080
BIA Suma	61614
BIE Suma	56368
MOK Suma	55889
OCH Suma	59273
PRA Suma	57241
REM Suma	58971
SRO Suma	58124
TAR Suma	60234
URU Suma	59597
URY Suma	50116
WAW Suma	57674
WES Suma	60372
WIL Suma	55476
WLO Suma	66372
WOL Suma	60523
ZOL Suma	62312
5.3
BEM Suma	2900	2911	2843	4658	4717	6443	8108	6399	4641	4673	2886	2901	8108
BIA Suma	3308	3236	3354	5272	5273	7289	9274	7243	5332	5320	3334	3379	9274
BIE Suma	3067	3016	3077	4825	4834	6654	8475	6675	4852	4817	3069	3007	8475
MOK Suma	2979	2965	2977	4841	4801	6625	8452	6638	4801	4783	3048	2979	8452
OCH Suma	3171	3176	3216	5107	5158	6998	8861	6981	5128	5057	3206	3214	8861
PRA Suma	3076	3083	2990	4942	4909	6764	8575	6807	4972	5004	3027	3092	8575
REM Suma	3216	3152	3135	5045	5090	6956	8873	7014	5046	5124	3187	3133	8873
SRO Suma	3138	3109	3101	4972	5024	6875	8776	6839	5023	5020	3115	3132	8776
TAR Suma	3205	3214	3226	5171	5176	7132	9120	7147	5176	5180	3243	3244	9120
URU Suma	3318	3214	3176	5159	5121	7040	8960	6986	5091	5096	3241	3195	8960
URY Suma	2685	2674	2680	4357	4339	5981	7519	5886	4342	4279	2711	2663	7519
WAW Suma	3117	3104	3075	4920	5020	6835	8699	6836	4974	4928	3051	3115	8699
WES Suma	3234	3267	3212	5193	5168	7131	9050	7108	5219	5198	3263	3329	9050
WIL Suma	2972	2988	2988	4835	4789	6536	8284	6586	4745	4746	3029	2978	8284
WLO Suma	3590	3556	3615	5749	5694	7803	9966	7909	5699	5754	3444	3593	9966
WOL Suma	3203	3288	3201	5266	5192	7137	9117	7136	5236	5210	3250	3287	9117
ZOL Suma	3366	3321	3329	5433	5322	7353	9417	7307	5346	5341	3412	3365	9417
5.4
Lipiec 2026
	2019	2020	2021	2022	2023	2024	2025	2026	2027	2028	2029	2030
I	53545	54081	54622	55169	55721	56279	56842	57411	57986	58566	59152	59744
II	53274	53807	54346	54890	55439	55994	56554	57120	57692	58269	58852	59441
III	53195	53727	54265	54808	55357	55911	56471	57036	57607	58184	58766	59354
IV	85745	86603	87470	88345	89229	90122	91024	91935	92855	93784	94722	95670
V	85627	86484	87349	88223	89106	89998	90898	91807	92726	93654	94591	95537
VI	117552	118728	119916	121116	122328	123552	124788	126036	127297	128570	129856	131155
VII	149526	151022	152533	154059	155600	157156	158728	160316	161920	163540	165176	166828
VIII	117497	118672	119859	121058	122269	123492	124727	125975	127235	128508	129794	131092
IX	85623	86480	87345	88219	89102	89994	90894	91803	92722	93650	94587	95533
X	85530	86386	87250	88123	89005	89896	90795	91703	92621	93548	94484	95429
XI	53516	54052	54593	55139	55691	56248	56811	57380	57954	58534	59120	59712
XII	53606	54143	54685	55232	55785	56343	56907	57477	58052	58633	59220	59813
5.5
Lipiec 2035
